[gd_scene load_steps=15 format=3 uid="uid://bjb4r7354b665"]

[ext_resource type="PackedScene" uid="uid://c1ajsaporkn4r" path="res://assets/Person.blend" id="1_gwnuu"]
[ext_resource type="PackedScene" uid="uid://w0j1eet7u27x" path="res://assets/blood_urchin/BloodUrchin.blend" id="2_dvvuk"]

[sub_resource type="GDScript" id="GDScript_gwnuu"]
script/source = "extends PhysicalBoneSimulator3D

func _ready():
	physical_bones_start_simulation()
"

[sub_resource type="CapsuleShape3D" id="CapsuleShape3D_gwnuu"]
radius = 0.0
height = 0.0

[sub_resource type="CapsuleShape3D" id="CapsuleShape3D_dvvuk"]
radius = 0.15
height = 0.300219

[sub_resource type="CapsuleShape3D" id="CapsuleShape3D_l4ulx"]
radius = 0.185864
height = 0.717849

[sub_resource type="CapsuleShape3D" id="CapsuleShape3D_ummbr"]
radius = 0.07
height = 0.335164

[sub_resource type="CapsuleShape3D" id="CapsuleShape3D_bwisa"]
radius = 0.05
height = 0.318444

[sub_resource type="CapsuleShape3D" id="CapsuleShape3D_85ddl"]
radius = 0.07
height = 0.335164

[sub_resource type="CapsuleShape3D" id="CapsuleShape3D_6omfu"]
radius = 0.05
height = 0.318444

[sub_resource type="CapsuleShape3D" id="CapsuleShape3D_f88dm"]
radius = 0.08
height = 0.626267

[sub_resource type="CapsuleShape3D" id="CapsuleShape3D_l7vhu"]
radius = 0.05
height = 0.402484

[sub_resource type="CapsuleShape3D" id="CapsuleShape3D_nhy2q"]
radius = 0.08
height = 0.626267

[sub_resource type="CapsuleShape3D" id="CapsuleShape3D_6l8f2"]
radius = 0.05
height = 0.402484

[node name="DeadPlayer" type="Node3D"]

[node name="Person" parent="." instance=ExtResource("1_gwnuu")]

[node name="PhysicalBoneSimulator3D" type="PhysicalBoneSimulator3D" parent="Person/Armature/Skeleton3D" index="1"]
script = SubResource("GDScript_gwnuu")

[node name="Physical Bone Root" type="PhysicalBone3D" parent="Person/Armature/Skeleton3D/PhysicalBoneSimulator3D"]
transform = Transform3D(1, 0, 0, 0, 0, 1, 0, -1, 0, 0, 0, 2.95987e-09)
bone_name = "Root"

[node name="CollisionShape3D" type="CollisionShape3D" parent="Person/Armature/Skeleton3D/PhysicalBoneSimulator3D/Physical Bone Root"]
transform = Transform3D(1, 0, 0, 0, 0, 1, 0, -1, 0, 0, 0, 0)
shape = SubResource("CapsuleShape3D_gwnuu")

[node name="Physical Bone Torso" type="PhysicalBone3D" parent="Person/Armature/Skeleton3D/PhysicalBoneSimulator3D"]
transform = Transform3D(1, 0, 0, 0, 0.122716, -0.992442, 0, 0.992442, 0.122716, 0, 0.148976, -0.018421)
joint_type = 2
joint_offset = Transform3D(1, 0, 0, 0, 1, 0, 0, 0, 1, 0, -1.05096e-07, 0.150111)
body_offset = Transform3D(1, 0, 0, 0, 0, -1, 0, 1, 0, 0, 0.150111, 1.05096e-07)
bone_name = "Torso"
joint_constraints/swing_span = 45.0
joint_constraints/twist_span = 180.0
joint_constraints/bias = 0.3
joint_constraints/softness = 0.8
joint_constraints/relaxation = 1.0

[node name="CollisionShape3D" type="CollisionShape3D" parent="Person/Armature/Skeleton3D/PhysicalBoneSimulator3D/Physical Bone Torso"]
transform = Transform3D(1, 0, 0, 0, 0, 1, 0, -1, 0, 0, 0, 0)
shape = SubResource("CapsuleShape3D_dvvuk")

[node name="Physical Bone Chest" type="PhysicalBone3D" parent="Person/Armature/Skeleton3D/PhysicalBoneSimulator3D"]
transform = Transform3D(1, 3.55271e-15, 2.38419e-07, 2.55524e-08, 0.99424, -0.107174, -2.37045e-07, 0.107174, 0.99424, -6.43234e-11, 0.4317, -0.036842)
joint_type = 2
joint_offset = Transform3D(1, 0, 0, 0, 1, 0, 0, 0, 1, -3.35336e-09, -0.13298, 0.0143348)
body_offset = Transform3D(1, 0, -2.84217e-14, 0, 1, 0, 0, 0, 1, 3.35336e-09, 0.13298, -0.0143348)
bone_name = "Chest"
joint_constraints/swing_span = 45.0
joint_constraints/twist_span = 180.0
joint_constraints/bias = 0.3
joint_constraints/softness = 0.8
joint_constraints/relaxation = 1.0

[node name="CollisionShape3D" type="CollisionShape3D" parent="Person/Armature/Skeleton3D/PhysicalBoneSimulator3D/Physical Bone Chest"]
transform = Transform3D(1, -1.24345e-14, 0, 0, 1, 0, 0, 0, 1, 5.85982e-09, 0.228005, -0.0245779)
shape = SubResource("CapsuleShape3D_l4ulx")

[node name="BloodUrchin" parent="Person/Armature/Skeleton3D/PhysicalBoneSimulator3D/Physical Bone Chest" instance=ExtResource("2_dvvuk")]
transform = Transform3D(0.955675, -0.258408, 0.141105, 0.294265, 0.854046, -0.428968, -0.00966115, 0.451477, 0.892231, 0.0108734, 0.308456, 0.0156325)

[node name="Skeleton3D" parent="Person/Armature/Skeleton3D/PhysicalBoneSimulator3D/Physical Bone Chest/BloodUrchin/Armature_001" index="0"]
bones/1/rotation = Quaternion(0.532528, -0.321104, -0.649291, 0.437868)
bones/2/rotation = Quaternion(-0.335218, -9.30599e-08, -0.606978, 0.72056)
bones/3/rotation = Quaternion(-0.251186, -7.84799e-08, -0.454822, 0.854425)
bones/4/rotation = Quaternion(-0.0848226, -3.40559e-08, -0.153588, 0.984488)
bones/5/rotation = Quaternion(0.742202, -0.649294, -0.124933, 0.109294)
bones/6/rotation = Quaternion(1.5387e-07, -2.76065e-07, -0.432872, 0.901456)
bones/7/rotation = Quaternion(-4.34261e-08, -8.12839e-08, -0.516469, 0.856306)
bones/8/rotation = Quaternion(-3.14823e-08, -1.35149e-08, -0.336683, 0.941618)
bones/9/rotation = Quaternion(0.115928, -0.101416, -0.743662, 0.650571)
bones/10/rotation = Quaternion(1.09541e-07, 1.12092e-07, -0.432872, 0.901456)
bones/11/rotation = Quaternion(3.08575e-07, 2.1739e-07, -0.516469, 0.856306)
bones/12/rotation = Quaternion(7.66554e-07, 1.10942e-07, -0.336682, 0.941618)
bones/13/rotation = Quaternion(-0.465301, 0.340161, -0.68619, 0.443766)
bones/14/rotation = Quaternion(-0.379764, -5.28118e-07, -0.524793, 0.761821)
bones/15/rotation = Quaternion(-0.308854, -4.64582e-07, -0.426803, 0.84997)
bones/16/rotation = Quaternion(-0.126482, -1.67866e-07, -0.174785, 0.976449)
bones/17/rotation = Quaternion(0.673177, -0.588908, 0.336609, -0.294473)
bones/18/rotation = Quaternion(2.11948e-07, 9.7123e-08, -0.432872, 0.901456)
bones/19/rotation = Quaternion(1.08641e-07, 5.17081e-08, -0.516468, 0.856306)
bones/20/rotation = Quaternion(3.03133e-07, 5.49069e-08, -0.336682, 0.941618)
bones/21/position = Vector3(0.219787, -0.397968, -0.289804)
bones/21/scale = Vector3(0.16919, 0.16919, 0.16919)
bones/22/position = Vector3(-0.370534, -0.991298, 0.128379)
bones/22/scale = Vector3(0.16919, 0.16919, 0.16919)
bones/23/position = Vector3(0.373536, -0.991299, 0.11936)
bones/23/scale = Vector3(0.16919, 0.16919, 0.16919)
bones/24/position = Vector3(-0.39607, -0.437826, 0.010432)
bones/24/scale = Vector3(0.16919, 0.16919, 0.16919)
bones/25/position = Vector3(-0.235269, -0.9913, -0.313726)
bones/25/scale = Vector3(0.16919, 0.16919, 0.16919)

[node name="AnimationPlayer" parent="Person/Armature/Skeleton3D/PhysicalBoneSimulator3D/Physical Bone Chest/BloodUrchin" index="1"]
autoplay = "Suck"

[node name="Physical Bone Arm_L" type="PhysicalBone3D" parent="Person/Armature/Skeleton3D/PhysicalBoneSimulator3D"]
transform = Transform3D(-0.998999, 0.00302542, 0.0446247, 0.0447272, 0.0673656, 0.996725, 9.34293e-06, 0.997724, -0.0674335, -0.228512, 0.287145, -0.0302215)
joint_type = 2
joint_offset = Transform3D(1, 0, 0, 0, 1, 0, 0, 0, 1, 1.56555e-05, 0.00673819, 0.167127)
body_offset = Transform3D(0.999995, -1.76531e-05, 4.66928e-06, 3.05835e-06, -0.0897072, -0.995969, 1.80008e-05, 0.995952, -0.0897056, -1.63168e-05, 0.167058, 0.00828134)
bone_name = "Arm.L"
joint_constraints/swing_span = 45.0
joint_constraints/twist_span = 180.0
joint_constraints/bias = 0.3
joint_constraints/softness = 0.8
joint_constraints/relaxation = 1.0

[node name="CollisionShape3D" type="CollisionShape3D" parent="Person/Armature/Skeleton3D/PhysicalBoneSimulator3D/Physical Bone Arm_L"]
transform = Transform3D(1, 0, 0, 0, 0, 1, 0, -1, 0, 0, 0, 0)
shape = SubResource("CapsuleShape3D_ummbr")

[node name="Physical Bone Forearm_L" type="PhysicalBone3D" parent="Person/Armature/Skeleton3D/PhysicalBoneSimulator3D"]
transform = Transform3D(-0.995542, 0.00833544, 0.0939512, 0.0943202, 0.0879855, 0.991646, -5.287e-07, 0.996087, -0.0883794, -0.250966, -0.0377863, -0.00484899)
joint_type = 2
joint_offset = Transform3D(1, 0, 0, 0, 1, 0, 0, 0, 1, 1.15301e-06, -0.0232286, 0.161291)
body_offset = Transform3D(0.998927, 0.00653644, -0.0457506, -0.0462154, 0.142578, -0.988704, 6.05795e-05, 0.989746, 0.142734, 0.00752984, 0.162781, -3.13111e-05)
bone_name = "Forearm.L"
joint_constraints/swing_span = 45.0
joint_constraints/twist_span = 180.0
joint_constraints/bias = 0.3
joint_constraints/softness = 0.8
joint_constraints/relaxation = 1.0

[node name="CollisionShape3D" type="CollisionShape3D" parent="Person/Armature/Skeleton3D/PhysicalBoneSimulator3D/Physical Bone Forearm_L"]
transform = Transform3D(1, 0, 0, 0, 0, 1, 0, -1, 0, 0, 0, 0)
shape = SubResource("CapsuleShape3D_bwisa")

[node name="Physical Bone Arm_R" type="PhysicalBone3D" parent="Person/Armature/Skeleton3D/PhysicalBoneSimulator3D"]
transform = Transform3D(-0.998999, -0.0030563, -0.0446265, -0.044731, 0.0673661, 0.996725, -3.99751e-05, 0.997724, -0.0674354, 0.228514, 0.287148, -0.030224)
joint_type = 2
joint_offset = Transform3D(1, 0, 0, 0, 1, 0, 0, 0, 1, -1.42854e-05, 0.00674086, 0.167125)
body_offset = Transform3D(0.999995, 4.82569e-05, -2.95619e-06, 1.39601e-06, -0.0897091, -0.995968, -4.83277e-05, 0.995952, -0.0897076, 1.44541e-05, 0.167056, 0.00827882)
bone_name = "Arm.R"
joint_constraints/swing_span = 45.0
joint_constraints/twist_span = 180.0
joint_constraints/bias = 0.3
joint_constraints/softness = 0.8
joint_constraints/relaxation = 1.0

[node name="CollisionShape3D" type="CollisionShape3D" parent="Person/Armature/Skeleton3D/PhysicalBoneSimulator3D/Physical Bone Arm_R"]
transform = Transform3D(1, 0, 0, 0, 0, 1, 0, -1, 0, 0, 0, 0)
shape = SubResource("CapsuleShape3D_85ddl")

[node name="Physical Bone Forearm_R" type="PhysicalBone3D" parent="Person/Armature/Skeleton3D/PhysicalBoneSimulator3D"]
transform = Transform3D(-0.995542, -0.00833671, -0.0939518, -0.0943209, 0.0879834, 0.991646, -8.75085e-07, 0.996087, -0.0883774, 0.250965, -0.0381796, -0.0046552)
joint_type = 2
joint_offset = Transform3D(1, 0, 0, 0, 1, 0, 0, 0, 1, -3.85535e-05, -0.0233873, 0.161698)
body_offset = Transform3D(0.999996, 9.56905e-06, 6.01729e-06, 5.06853e-06, 0.140494, -0.990081, -1.04634e-05, 0.990065, 0.1405, 3.78042e-05, 0.16338, 0.000436366)
bone_name = "Forearm.R"
joint_constraints/swing_span = 45.0
joint_constraints/twist_span = 180.0
joint_constraints/bias = 0.3
joint_constraints/softness = 0.8
joint_constraints/relaxation = 1.0

[node name="CollisionShape3D" type="CollisionShape3D" parent="Person/Armature/Skeleton3D/PhysicalBoneSimulator3D/Physical Bone Forearm_R"]
transform = Transform3D(1, 0, 0, 0, 0, 1, 0, -1, 0, 0, 0, 0)
shape = SubResource("CapsuleShape3D_6omfu")

[node name="Physical Bone Leg_L" type="PhysicalBone3D" parent="Person/Armature/Skeleton3D/PhysicalBoneSimulator3D"]
transform = Transform3D(0.00435597, -0.996601, 0.0822683, 0.0528989, 0.0823835, 0.995196, -0.99859, 1.68537e-05, 0.0530779, -0.12382, -0.318274, -0.0166192)
joint_type = 2
joint_offset = Transform3D(1, 0, 0, 0, 1, 0, 0, 0, 1, 1.1106e-06, 4.45172e-07, 0.31313)
body_offset = Transform3D(0.999587, -0.00119983, -0.0287209, -0.0287436, -0.0289745, -0.999167, 0.000366614, 0.999579, -0.028997, 0.00899226, 0.312869, 0.00907938)
bone_name = "Leg.L"
joint_constraints/swing_span = 45.0
joint_constraints/twist_span = 180.0
joint_constraints/bias = 0.3
joint_constraints/softness = 0.8
joint_constraints/relaxation = 1.0

[node name="CollisionShape3D" type="CollisionShape3D" parent="Person/Armature/Skeleton3D/PhysicalBoneSimulator3D/Physical Bone Leg_L"]
transform = Transform3D(1, 0, 0, 0, 0, 1, 0, -1, 0, 0, 0, 0)
shape = SubResource("CapsuleShape3D_f88dm")

[node name="Physical Bone Shin_L" type="PhysicalBone3D" parent="Person/Armature/Skeleton3D/PhysicalBoneSimulator3D"]
transform = Transform3D(-0.000563148, -0.999863, -0.0165179, 0.0330313, -0.0165275, 0.999318, -0.999454, 1.71569e-05, 0.0330361, -0.146299, -0.831472, -0.0399121)
joint_type = 2
joint_offset = Transform3D(1, 0, 0, 0, 1, 0, 0, 0, 1, -0.0180582, -0.0181982, 0.202)
body_offset = Transform3D(0.998049, 0.0415604, 0.0465978, 0.0447223, 0.0449702, -0.997987, -0.0435723, 0.998123, 0.0430238, 0.00936658, 0.203219, 0.00868642)
bone_name = "Shin.L"
joint_constraints/swing_span = 45.0
joint_constraints/twist_span = 180.0
joint_constraints/bias = 0.3
joint_constraints/softness = 0.8
joint_constraints/relaxation = 1.0

[node name="CollisionShape3D" type="CollisionShape3D" parent="Person/Armature/Skeleton3D/PhysicalBoneSimulator3D/Physical Bone Shin_L"]
transform = Transform3D(1, 0, 0, 0, 0, 1, 0, -1, 0, 0, 0, 0)
shape = SubResource("CapsuleShape3D_l7vhu")

[node name="Physical Bone Leg_R" type="PhysicalBone3D" parent="Person/Armature/Skeleton3D/PhysicalBoneSimulator3D"]
transform = Transform3D(0.00435597, 0.996601, -0.0822683, -0.0528989, 0.0823835, 0.995196, 0.99859, 1.68537e-05, 0.0530779, 0.12382, -0.318274, -0.0166192)
joint_type = 2
joint_offset = Transform3D(1, 0, 0, 0, 1, 0, 0, 0, 1, -1.1106e-06, 4.45172e-07, 0.31313)
body_offset = Transform3D(0.999587, 0.00119983, 0.0287209, 0.0287436, -0.0289745, -0.999167, -0.000366614, 0.999579, -0.028997, -0.00899226, 0.312869, 0.00907938)
bone_name = "Leg.R"
joint_constraints/swing_span = 45.0
joint_constraints/twist_span = 180.0
joint_constraints/bias = 0.3
joint_constraints/softness = 0.8
joint_constraints/relaxation = 1.0

[node name="CollisionShape3D" type="CollisionShape3D" parent="Person/Armature/Skeleton3D/PhysicalBoneSimulator3D/Physical Bone Leg_R"]
transform = Transform3D(1, 0, 0, 0, 0, 1, 0, -1, 0, 0, 0, 0)
shape = SubResource("CapsuleShape3D_nhy2q")

[node name="Physical Bone Shin_R" type="PhysicalBone3D" parent="Person/Armature/Skeleton3D/PhysicalBoneSimulator3D"]
transform = Transform3D(-0.000563148, 0.999863, 0.0165179, -0.0330313, -0.0165275, 0.999318, 0.999454, 1.71569e-05, 0.0330361, 0.146299, -0.831472, -0.0399121)
joint_type = 2
joint_offset = Transform3D(1, 0, 0, 0, 1, 0, 0, 0, 1, 0.0180582, -0.0181982, 0.202)
body_offset = Transform3D(0.998049, -0.0415604, -0.0465978, -0.0447223, 0.0449702, -0.997987, 0.0435723, 0.998123, 0.0430238, -0.00936658, 0.203219, 0.00868642)
bone_name = "Shin.R"
joint_constraints/swing_span = 45.0
joint_constraints/twist_span = 180.0
joint_constraints/bias = 0.3
joint_constraints/softness = 0.8
joint_constraints/relaxation = 1.0

[node name="CollisionShape3D" type="CollisionShape3D" parent="Person/Armature/Skeleton3D/PhysicalBoneSimulator3D/Physical Bone Shin_R"]
transform = Transform3D(1, 0, 0, 0, 0, 1, 0, -1, 0, 0, 0, 0)
shape = SubResource("CapsuleShape3D_6l8f2")

[editable path="Person"]
[editable path="Person/Armature/Skeleton3D/PhysicalBoneSimulator3D/Physical Bone Chest/BloodUrchin"]
